   1. 2019 05 06  19:57:41
   2. 2019 05 06  19:57:42
   3. 2019 05 06  19:57:43
   4. 2019 05 06  19:57:44
   5. 2019 05 06  19:57:45
   6. 2019 05 06  19:57:46
   7. 2019 05 06  19:57:47
   8. 2019 05 06  19:57:48
   9. 2019 05 06  19:57:49
  10. 2019 05 06  19:57:50
  11. 2019 05 06  19:57:51
  12. 2019 05 06  19:57:52
  13. 2019 05 06  19:57:53
  14. 2019 05 06  19:57:54
  15. 2019 05 06  19:57:55
  16. 2019 05 06  19:57:56
  17. 2019 05 06  19:57:57
  18. 2019 05 06  19:57:58
  19. 2019 05 06  19:57:59
  20. 2019 05 06  19:58:00
  21. 2019 05 06  19:58:01
  22. 2019 05 06  19:58:02
  23. 2019 05 06  19:58:03
  24. 2019 05 06  19:58:04
  25. 2019 05 06  19:58:05
  26. 2019 05 06  19:58:06
  27. 2019 05 06  19:58:07
  28. 2019 05 06  19:58:09
  29. 2019 05 06  19:58:10
  30. 2019 05 06  19:58:11
  31. 2019 05 06  19:58:12
  32. 2019 05 06  19:58:13
  33. 2019 05 06  19:58:14
  34. 2019 05 06  19:58:15
  35. 2019 05 06  19:58:16
  36. 2019 05 06  19:58:17
  37. 2019 05 06  19:58:18
  38. 2019 05 06  19:58:19
  39. 2019 05 06  19:58:20
  40. 2019 05 06  19:58:21
  41. 2019 05 06  19:58:22
  42. 2019 05 06  19:58:23
  43. 2019 05 06  19:58:24
  44. 2019 05 06  19:58:25
  45. 2019 05 06  19:58:26
  46. 2019 05 06  19:58:27
  47. 2019 05 06  19:58:28
  48. 2019 05 06  19:58:29
  49. 2019 05 06  19:58:30
  50. 2019 05 06  19:58:31
  51. 2019 05 06  19:58:32
  52. 2019 05 06  19:58:33
  53. 2019 05 06  19:58:34
  54. 2019 05 06  19:58:35
  55. 2019 05 06  19:58:36
  56. 2019 05 06  19:58:37
  57. 2019 05 06  19:58:38
  58. 2019 05 06  19:58:39
  59. 2019 05 06  19:58:40
  60. 2019 05 06  19:58:41
  61. 2019 05 06  19:58:42
  62. 2019 05 06  19:58:43
  63. 2019 05 06  19:58:44
  64. 2019 05 06  19:58:45
  65. 2019 05 06  19:58:46
  66. 2019 05 06  19:58:47
  67. 2019 05 06  19:58:48
  68. 2019 05 06  19:58:49
  69. 2019 05 06  19:58:50
  70. 2019 05 06  19:58:51
  71. 2019 05 06  19:58:52
  72. 2019 05 06  19:58:53
  73. 2019 05 06  19:58:54
  74. 2019 05 06  19:58:55
  75. 2019 05 06  19:58:56
  76. 2019 05 06  19:58:57
  77. 2019 05 06  19:58:58
  78. 2019 05 06  19:58:59
  79. 2019 05 06  19:59:00
  80. 2019 05 06  19:59:01
  81. 2019 05 06  19:59:02
  82. 2019 05 06  19:59:03
  83. 2019 05 06  19:59:04
  84. 2019 05 06  19:59:05
  85. 2019 05 06  19:59:06
  86. 2019 05 06  19:59:07
  87. 2019 05 06  19:59:08
  88. 2019 05 06  19:59:09
  89. 2019 05 06  19:59:10
  90. 2019 05 06  19:59:11
  91. 2019 05 06  19:59:12
  92. 2019 05 06  19:59:13
  93. 2019 05 06  19:59:14
  94. 2019 05 06  19:59:15
  95. 2019 05 06  19:59:16
  96. 2019 05 06  19:59:17
  97. 2019 05 06  19:59:18
  98. 2019 05 06  19:59:19
  99. 2019 05 06  19:59:20
 100. 2019 05 06  19:59:21
 101. 2019 05 06  19:59:22
 102. 2019 05 06  19:59:23
 103. 2019 05 06  19:59:24
 104. 2019 05 06  19:59:25
 105. 2019 05 06  19:59:26
 106. 2019 05 06  19:59:27
 107. 2019 05 06  19:59:28
 108. 2019 05 06  19:59:29
 109. 2019 05 06  19:59:30
 110. 2019 05 06  19:59:31
 111. 2019 05 06  19:59:32
 112. 2019 05 06  19:59:33
 113. 2019 05 06  19:59:34
 114. 2019 05 06  19:59:35
 115. 2019 05 06  19:59:36
 116. 2019 05 06  19:59:37
 117. 2019 05 06  19:59:38
 118. 2019 05 06  19:59:39
 119. 2019 05 06  19:59:40
 120. 2019 05 06  19:59:41
 121. 2019 05 06  19:59:42
 122. 2019 05 06  19:59:43
 123. 2019 05 06  19:59:44
 124. 2019 05 06  19:59:45
 125. 2019 05 06  19:59:46
 126. 2019 05 06  19:59:47
 127. 2019 05 06  19:59:48
 128. 2019 05 06  19:59:49
 129. 2019 05 06  19:59:50
 130. 2019 05 06  19:59:51
 131. 2019 05 06  19:59:52
 132. 2019 05 06  19:59:53
 133. 2019 05 06  19:59:54
 134. 2019 05 06  19:59:55
 135. 2019 05 06  19:59:56
 136. 2019 05 06  19:59:58
 137. 2019 05 06  19:59:59
 138. 2019 05 06  20:00:00
 139. 2019 05 06  20:00:01
 140. 2019 05 06  20:00:02
 141. 2019 05 06  20:00:03
 142. 2019 05 06  20:00:04
 143. 2019 05 06  20:00:05
 144. 2019 05 06  20:00:06
 145. 2019 05 06  20:00:07
 146. 2019 05 06  20:00:08
 147. 2019 05 06  20:00:09
 148. 2019 05 06  20:00:10
 149. 2019 05 06  20:00:11
 150. 2019 05 06  20:00:12
 151. 2019 05 06  20:00:13
 152. 2019 05 06  20:00:14
 153. 2019 05 06  20:00:15
 154. 2019 05 06  20:00:16
 155. 2019 05 06  20:00:17
 156. 2019 05 06  20:00:18
 157. 2019 05 06  20:00:19
 158. 2019 05 06  20:00:20
 159. 2019 05 06  20:00:21
 160. 2019 05 06  20:00:22
 161. 2019 05 06  20:00:23
 162. 2019 05 06  20:00:24
 163. 2019 05 06  20:00:25
 164. 2019 05 06  20:00:26
 165. 2019 05 06  20:00:27
 166. 2019 05 06  20:00:28
 167. 2019 05 06  20:00:29
 168. 2019 05 06  20:00:30
 169. 2019 05 06  20:00:31
 170. 2019 05 06  20:00:32
 171. 2019 05 06  20:00:33
 172. 2019 05 06  20:00:34
 173. 2019 05 06  20:00:35
 174. 2019 05 06  20:00:36
 175. 2019 05 06  20:00:37
 176. 2019 05 06  20:00:38
 177. 2019 05 06  20:00:39
 178. 2019 05 06  20:00:40
 179. 2019 05 06  20:00:41
 180. 2019 05 06  20:00:43
 181. 2019 05 06  20:00:44
 182. 2019 05 06  20:00:45
 183. 2019 05 06  20:00:46
 184. 2019 05 06  20:00:47
 185. 2019 05 06  20:00:48
 186. 2019 05 06  20:00:49
 187. 2019 05 06  20:00:50
 188. 2019 05 06  20:00:51
 189. 2019 05 06  20:00:52
 190. 2019 05 06  20:00:53
 191. 2019 05 06  20:00:54
 192. 2019 05 06  20:00:55
 193. 2019 05 06  20:00:56
 194. 2019 05 06  20:00:57
 195. 2019 05 06  20:00:58
 196. 2019 05 06  20:00:59
 197. 2019 05 06  20:01:00
 198. 2019 05 06  20:01:01
 199. 2019 05 06  20:01:02
 200. 2019 05 06  20:01:03
 201. 2019 05 06  20:01:04
 202. 2019 05 06  20:01:05
 203. 2019 05 06  20:01:06
 204. 2019 05 06  20:01:07
 205. 2019 05 06  20:01:08
 206. 2019 05 06  20:01:09
 207. 2019 05 06  20:01:10
 208. 2019 05 06  20:01:11
 209. 2019 05 06  20:01:12
 210. 2019 05 06  20:01:13
 211. 2019 05 06  20:01:14
 212. 2019 05 06  20:01:15
 213. 2019 05 06  20:01:16
 214. 2019 05 06  20:01:17
 215. 2019 05 06  20:01:18
 216. 2019 05 06  20:01:19
 217. 2019 05 06  20:01:20
 218. 2019 05 06  20:01:21
 219. 2019 05 06  20:01:22
 220. 2019 05 06  20:01:23
 221. 2019 05 06  20:01:24
 222. 2019 05 06  20:01:25
 223. 2019 05 06  20:01:26
 224. 2019 05 06  20:01:27
 225. 2019 05 06  20:01:28
 226. 2019 05 06  20:01:29
 227. 2019 05 06  20:01:30
 228. 2019 05 06  20:01:31
 229. 2019 05 06  20:01:32
 230. 2019 05 06  20:01:33
 231. 2019 05 06  20:01:34
 232. 2019 05 06  20:01:35
 233. 2019 05 06  20:01:36
 234. 2019 05 06  20:01:37
 235. 2019 05 06  20:01:38
 236. 2019 05 06  20:01:39
 237. 2019 05 06  20:01:40
 238. 2019 05 06  20:01:41
 239. 2019 05 06  20:01:42
 240. 2019 05 06  20:01:43
 241. 2019 05 06  20:01:44
 242. 2019 05 06  20:01:45
 243. 2019 05 06  20:01:46
 244. 2019 05 06  20:01:47
 245. 2019 05 06  20:01:48
 246. 2019 05 06  20:01:49
 247. 2019 05 06  20:01:50
 248. 2019 05 06  20:01:51
 249. 2019 05 06  20:01:52
 250. 2019 05 06  20:01:53
 251. 2019 05 06  20:01:54
 252. 2019 05 06  20:01:55
 253. 2019 05 06  20:01:56
 254. 2019 05 06  20:01:57
 255. 2019 05 06  20:01:58
 256. 2019 05 06  20:01:59
 257. 2019 05 06  20:02:00
 258. 2019 05 06  20:02:01
 259. 2019 05 06  20:02:02
 260. 2019 05 06  20:02:03
 261. 2019 05 06  20:02:04
 262. 2019 05 06  20:02:05
 263. 2019 05 06  20:02:06
 264. 2019 05 06  20:02:07
 265. 2019 05 06  20:02:08
 266. 2019 05 06  20:02:09
 267. 2019 05 06  20:02:10
 268. 2019 05 06  20:02:11
 269. 2019 05 06  20:02:12
 270. 2019 05 06  20:02:13
 271. 2019 05 06  20:02:14
 272. 2019 05 06  20:02:15
 273. 2019 05 06  20:02:16
 274. 2019 05 06  20:02:17
 275. 2019 05 06  20:02:18
 276. 2019 05 06  20:02:19
 277. 2019 05 06  20:02:20
 278. 2019 05 06  20:02:21
 279. 2019 05 06  20:02:22
 280. 2019 05 06  20:02:23
 281. 2019 05 06  20:02:24
 282. 2019 05 06  20:02:25
 283. 2019 05 06  20:02:26
 284. 2019 05 06  20:02:27
 285. 2019 05 06  20:02:28
 286. 2019 05 06  20:02:29
 287. 2019 05 06  20:02:30
 288. 2019 05 06  20:02:31
 289. 2019 05 06  20:02:32
 290. 2019 05 06  20:02:33
 291. 2019 05 06  20:02:34
 292. 2019 05 06  20:02:35
 293. 2019 05 06  20:02:36
 294. 2019 05 06  20:02:37
 295. 2019 05 06  20:02:38
 296. 2019 05 06  20:02:39
 297. 2019 05 06  20:02:40
 298. 2019 05 06  20:02:41
 299. 2019 05 06  20:02:42
 300. 2019 05 06  20:02:43
 301. 2019 05 06  20:02:44
 302. 2019 05 06  20:02:45
 303. 2019 05 06  20:02:46
 304. 2019 05 06  20:02:47
 305. 2019 05 06  20:02:48
 306. 2019 05 06  20:02:49
 307. 2019 05 06  20:02:50
 308. 2019 05 06  20:02:51
 309. 2019 05 06  20:02:52
 310. 2019 05 06  20:02:53
 311. 2019 05 06  20:02:54
 312. 2019 05 06  20:02:55
 313. 2019 05 06  20:02:56
 314. 2019 05 06  20:02:57
 315. 2019 05 06  20:02:58
 316. 2019 05 06  20:02:59
 317. 2019 05 06  20:03:00
 318. 2019 05 06  20:03:01
 319. 2019 05 06  20:03:02
 320. 2019 05 06  20:03:03
 321. 2019 05 06  20:03:04
 322. 2019 05 06  20:03:05
 323. 2019 05 06  20:03:06
 324. 2019 05 06  20:03:07
 325. 2019 05 06  20:03:08
 326. 2019 05 06  20:03:09
 327. 2019 05 06  20:03:10
 328. 2019 05 06  20:03:11
 329. 2019 05 06  20:03:12
 330. 2019 05 06  20:03:13
 331. 2019 05 06  20:03:14
 332. 2019 05 06  20:03:15
 333. 2019 05 06  20:03:16
 334. 2019 05 06  20:03:17
 335. 2019 05 06  20:03:18
 336. 2019 05 06  20:03:19
 337. 2019 05 06  20:03:20
 338. 2019 05 06  20:03:21
 339. 2019 05 06  20:03:22
 340. 2019 05 06  20:03:23
 341. 2019 05 06  20:03:24
 342. 2019 05 06  20:03:25
 343. 2019 05 06  20:03:26
 344. 2019 05 06  20:03:27
 345. 2019 05 06  20:03:28
 346. 2019 05 06  20:03:29
 347. 2019 05 06  20:03:30
 348. 2019 05 06  20:03:31
 349. 2019 05 06  20:03:32
 350. 2019 05 06  20:03:33
 351. 2019 05 06  20:03:34
 352. 2019 05 06  20:03:35
 353. 2019 05 06  20:03:36
 354. 2019 05 06  20:03:37
 355. 2019 05 06  20:03:38
 356. 2019 05 06  20:03:39
 357. 2019 05 06  20:03:40
 358. 2019 05 06  20:03:41
 359. 2019 05 06  20:03:42
 360. 2019 05 06  20:03:43
 361. 2019 05 06  20:03:44
 362. 2019 05 06  20:03:45
 363. 2019 05 06  20:03:46
 364. 2019 05 06  20:03:47
 365. 2019 05 06  20:03:48
 366. 2019 05 06  20:03:49
 367. 2019 05 06  20:03:50
 368. 2019 05 06  20:03:51
 369. 2019 05 06  20:03:52
 370. 2019 05 06  20:03:53
 371. 2019 05 06  20:03:54
 372. 2019 05 06  20:03:55
 373. 2019 05 06  20:03:56
 374. 2019 05 06  20:03:57
 375. 2019 05 06  20:03:58
 376. 2019 05 06  20:03:59
 377. 2019 05 06  20:04:00
 378. 2019 05 06  20:04:01
 379. 2019 05 06  20:04:02
 380. 2019 05 06  20:04:03
 381. 2019 05 06  20:04:04
 382. 2019 05 06  20:04:05
 383. 2019 05 06  20:04:06
 384. 2019 05 06  20:04:07
 385. 2019 05 06  20:04:08
 386. 2019 05 06  20:04:09
 387. 2019 05 06  20:04:10
 388. 2019 05 06  20:04:11
 389. 2019 05 06  20:04:12
 390. 2019 05 06  20:04:13
 391. 2019 05 06  20:04:14
 392. 2019 05 06  20:04:15
 393. 2019 05 06  20:04:16
 394. 2019 05 06  20:04:17
 395. 2019 05 06  20:04:18
 396. 2019 05 06  20:04:19
 397. 2019 05 06  20:04:20
 398. 2019 05 06  20:04:21
 399. 2019 05 06  20:04:22
 400. 2019 05 06  20:04:23
 401. 2019 05 06  20:04:24
 402. 2019 05 06  20:04:25
 403. 2019 05 06  20:04:26
 404. 2019 05 06  20:04:27
 405. 2019 05 06  20:04:28
 406. 2019 05 06  20:04:29
 407. 2019 05 06  20:04:30
 408. 2019 05 06  20:04:31
 409. 2019 05 06  20:04:32
 410. 2019 05 06  20:04:33
 411. 2019 05 06  20:04:34
 412. 2019 05 06  20:04:35
 413. 2019 05 06  20:04:36
 414. 2019 05 06  20:04:37
 415. 2019 05 06  20:04:38
 416. 2019 05 06  20:04:39
 417. 2019 05 06  20:04:40
 418. 2019 05 06  20:04:41
 419. 2019 05 06  20:04:42
 420. 2019 05 06  20:04:43
 421. 2019 05 06  20:04:44
 422. 2019 05 06  20:04:45
 423. 2019 05 06  20:04:46
 424. 2019 05 06  20:04:47
 425. 2019 05 06  20:04:48
 426. 2019 05 06  20:04:49
 427. 2019 05 06  20:04:50
 428. 2019 05 06  20:04:51
 429. 2019 05 06  20:04:52
 430. 2019 05 06  20:04:53
 431. 2019 05 06  20:04:54
 432. 2019 05 06  20:04:55
 433. 2019 05 06  20:04:56
 434. 2019 05 06  20:04:57
 435. 2019 05 06  20:04:58
 436. 2019 05 06  20:04:59
 437. 2019 05 06  20:05:00
 438. 2019 05 06  20:05:01
 439. 2019 05 06  20:05:02
 440. 2019 05 06  20:05:03
 441. 2019 05 06  20:05:04
 442. 2019 05 06  20:05:05
 443. 2019 05 06  20:05:06
 444. 2019 05 06  20:05:07
 445. 2019 05 06  20:05:08
 446. 2019 05 06  20:05:09
 447. 2019 05 06  20:05:10
 448. 2019 05 06  20:05:11
 449. 2019 05 06  20:05:12
 450. 2019 05 06  20:05:13
 451. 2019 05 06  20:05:14
 452. 2019 05 06  20:05:15
 453. 2019 05 06  20:05:16
 454. 2019 05 06  20:05:17
 455. 2019 05 06  20:05:18
 456. 2019 05 06  20:05:19
 457. 2019 05 06  20:05:20
 458. 2019 05 06  20:05:21
 459. 2019 05 06  20:05:22
 460. 2019 05 06  20:05:23
 461. 2019 05 06  20:05:24
 462. 2019 05 06  20:05:25
 463. 2019 05 06  20:05:26
 464. 2019 05 06  20:05:27
 465. 2019 05 06  20:05:28
 466. 2019 05 06  20:05:29
 467. 2019 05 06  20:05:30
 468. 2019 05 06  20:05:31
 469. 2019 05 06  20:05:32
 470. 2019 05 06  20:06:26
 471. 2019 05 06  20:06:27
 472. 2019 05 06  20:06:28
 473. 2019 05 06  20:06:29
 474. 2019 05 06  20:06:30
 475. 2019 05 06  20:06:31
 476. 2019 05 06  20:06:32
 477. 2019 05 06  20:06:33
 478. 2019 05 06  20:06:34
 479. 2019 05 06  20:06:35
 480. 2019 05 06  20:06:36
 481. 2019 05 06  20:06:37
 482. 2019 05 06  20:06:38
 483. 2019 05 06  20:06:39
 484. 2019 05 06  20:06:40
 485. 2019 05 06  20:06:41
 486. 2019 05 06  20:06:42
 487. 2019 05 06  20:06:43
 488. 2019 05 06  20:06:44
 489. 2019 05 06  20:06:45
 490. 2019 05 06  20:06:46
 491. 2019 05 06  20:06:47
 492. 2019 05 06  20:06:48
 493. 2019 05 06  20:06:49
 494. 2019 05 06  20:06:50
 495. 2019 05 06  20:06:51
 496. 2019 05 06  20:06:52
 497. 2019 05 06  20:06:53
 498. 2019 05 06  20:06:54
 499. 2019 05 06  20:06:55
 500. 2019 05 06  20:06:56
 501. 2019 05 06  20:06:57
 502. 2019 05 06  20:06:58
 503. 2019 05 06  20:06:59
 504. 2019 05 06  20:07:00
 505. 2019 05 06  20:07:01
 506. 2019 05 06  20:07:02
 507. 2019 05 06  20:07:03
 508. 2019 05 06  20:07:04
 509. 2019 05 06  20:07:05
 510. 2019 05 06  20:07:06
 511. 2019 05 06  20:07:07
 512. 2019 05 06  20:07:08
 513. 2019 05 06  20:07:09
 514. 2019 05 06  20:07:10
 515. 2019 05 06  20:07:11
 516. 2019 05 06  20:07:12
 517. 2019 05 06  20:07:13
 518. 2019 05 06  20:07:14
 519. 2019 05 06  20:07:15
 520. 2019 05 06  20:07:16
 521. 2019 05 06  20:07:17
 522. 2019 05 06  20:07:18
 523. 2019 05 06  20:07:19
 524. 2019 05 06  20:07:20
 525. 2019 05 06  20:07:21
 526. 2019 05 06  20:07:22
 527. 2019 05 06  20:07:23
 528. 2019 05 06  20:07:24
 529. 2019 05 06  20:07:25
 530. 2019 05 06  20:07:26
 531. 2019 05 06  20:07:27
 532. 2019 05 06  20:07:28
 533. 2019 05 06  20:07:29
 534. 2019 05 06  20:07:30
 535. 2019 05 06  20:07:31
 536. 2019 05 06  20:07:32
 537. 2019 05 06  20:07:33
 538. 2019 05 06  20:07:34
 539. 2019 05 06  20:07:35
 540. 2019 05 06  20:07:36
 541. 2019 05 06  20:07:37
 542. 2019 05 06  20:07:38
 543. 2019 05 06  20:07:39
 544. 2019 05 06  20:07:40
 545. 2019 05 06  20:07:41
 546. 2019 05 06  20:07:42
 547. 2019 05 06  20:07:43
 548. 2019 05 06  20:07:44
 549. 2019 05 06  20:07:45
 550. 2019 05 06  20:07:46
 551. 2019 05 06  20:07:47
 552. 2019 05 06  20:07:48
 553. 2019 05 06  20:07:49
 554. 2019 05 06  20:07:50
 555. 2019 05 06  20:07:51
 556. 2019 05 06  20:07:52
 557. 2019 05 06  20:07:53
 558. 2019 05 06  20:07:54
 559. 2019 05 06  20:07:55
 560. 2019 05 06  20:07:56
 561. 2019 05 06  20:07:57
 562. 2019 05 06  20:07:58
 563. 2019 05 06  20:07:59
 564. 2019 05 06  20:08:00
 565. 2019 05 06  20:08:01
 566. 2019 05 06  20:08:02
 567. 2019 05 06  20:08:03
 568. 2019 05 06  20:08:04
 569. 2019 05 06  20:08:05
 570. 2019 05 06  20:08:06
 571. 2019 05 06  20:08:07
 572. 2019 05 06  20:08:08
 573. 2019 05 06  20:08:09
 574. 2019 05 06  20:08:10
 575. 2019 05 06  20:08:11
 576. 2019 05 06  20:08:12
 577. 2019 05 06  20:08:13
 578. 2019 05 06  20:08:14
 579. 2019 05 06  20:08:15
 580. 2019 05 06  20:08:16
 581. 2019 05 06  20:08:17
 582. 2019 05 06  20:08:18
 583. 2019 05 06  20:08:19
 584. 2019 05 06  20:08:20
 585. 2019 05 06  20:08:21
 586. 2019 05 06  20:08:22
 587. 2019 05 06  20:08:23
 588. 2019 05 06  20:08:24
 589. 2019 05 06  20:08:25
 590. 2019 05 06  20:08:26
 591. 2019 05 06  20:08:27
 592. 2019 05 06  20:08:28
 593. 2019 05 06  20:08:29
 594. 2019 05 06  20:08:30
 595. 2019 05 06  20:08:31
 596. 2019 05 06  20:08:32
 597. 2019 05 06  20:08:33
 598. 2019 05 06  20:08:34
 599. 2019 05 06  20:08:35
 600. 2019 05 06  20:08:36
 601. 2019 05 06  20:08:37
 602. 2019 05 06  20:08:38
 603. 2019 05 06  20:08:39
 604. 2019 05 06  20:08:40
 605. 2019 05 06  20:08:41
 606. 2019 05 06  20:08:42
 607. 2019 05 06  20:08:43
 608. 2019 05 06  20:08:44
 609. 2019 05 06  20:08:45
 610. 2019 05 06  20:08:46
 611. 2019 05 06  20:08:47
 612. 2019 05 06  20:08:48
 613. 2019 05 06  20:08:49
 614. 2019 05 06  20:08:50
 615. 2019 05 06  20:08:51
 616. 2019 05 06  20:08:52
 617. 2019 05 06  20:08:53
 618. 2019 05 06  20:08:54
 619. 2019 05 06  20:08:55
 620. 2019 05 06  20:08:56
 621. 2019 05 06  20:08:57
 622. 2019 05 06  20:08:58
 623. 2019 05 06  20:08:59
 624. 2019 05 06  20:09:00
 625. 2019 05 06  20:09:01
 626. 2019 05 06  20:09:02
 627. 2019 05 06  20:09:03
 628. 2019 05 06  20:09:04
 629. 2019 05 06  20:09:05
 630. 2019 05 06  20:09:06
 631. 2019 05 06  20:09:07
 632. 2019 05 06  20:09:08
 633. 2019 05 06  20:09:09
 634. 2019 05 06  20:09:10
 635. 2019 05 06  20:09:11
 636. 2019 05 06  20:09:12
 637. 2019 05 06  20:09:13
 638. 2019 05 06  20:09:14
 639. 2019 05 06  20:09:15
 640. 2019 05 06  20:09:16
 641. 2019 05 06  20:09:17
 642. 2019 05 06  20:09:18
 643. 2019 05 06  20:09:19
 644. 2019 05 06  20:09:20
 645. 2019 05 06  20:09:21
 646. 2019 05 06  20:09:22
 647. 2019 05 06  20:09:23
 648. 2019 05 06  20:09:24
 649. 2019 05 06  20:09:25
 650. 2019 05 06  20:09:26
 651. 2019 05 06  20:09:27
 652. 2019 05 06  20:09:28
 653. 2019 05 06  20:09:29
 654. 2019 05 06  20:09:30
 655. 2019 05 06  20:09:31
 656. 2019 05 06  20:09:32
 657. 2019 05 06  20:09:33
 658. 2019 05 06  20:09:34
 659. 2019 05 06  20:09:35
 660. 2019 05 06  20:09:36
 661. 2019 05 06  20:09:37
 662. 2019 05 06  20:09:38
 663. 2019 05 06  20:09:39
 664. 2019 05 06  20:09:40
 665. 2019 05 06  20:09:41
 666. 2019 05 06  20:09:42
 667. 2019 05 06  20:09:43
 668. 2019 05 06  20:09:44
 669. 2019 05 06  20:09:45
 670. 2019 05 06  20:09:46
 671. 2019 05 06  20:09:47
 672. 2019 05 06  20:09:48
 673. 2019 05 06  20:09:49
 674. 2019 05 06  20:09:50
 675. 2019 05 06  20:09:51
 676. 2019 05 06  20:09:52
 677. 2019 05 06  20:09:53
 678. 2019 05 06  20:09:54
 679. 2019 05 06  20:09:55
 680. 2019 05 06  20:09:56
 681. 2019 05 06  20:09:57
 682. 2019 05 06  20:09:58
 683. 2019 05 06  20:09:59
 684. 2019 05 06  20:10:00
 685. 2019 05 06  20:10:01
 686. 2019 05 06  20:10:02
 687. 2019 05 06  20:10:03
 688. 2019 05 06  20:10:04
 689. 2019 05 06  20:10:05
 690. 2019 05 06  20:10:06
 691. 2019 05 06  20:10:07
 692. 2019 05 06  20:10:08
 693. 2019 05 06  20:10:09
 694. 2019 05 06  20:10:10
 695. 2019 05 06  20:10:11
 696. 2019 05 06  20:10:12
 697. 2019 05 06  20:10:13
 698. 2019 05 06  20:10:14
 699. 2019 05 06  20:10:15
 700. 2019 05 06  20:10:16
 701. 2019 05 06  20:10:17
 702. 2019 05 06  20:10:18
 703. 2019 05 06  20:10:19
 704. 2019 05 06  20:10:20
 705. 2019 05 06  20:10:21
 706. 2019 05 06  20:10:22
 707. 2019 05 06  20:10:23
 708. 2019 05 06  20:10:24
 709. 2019 05 06  20:10:25
 710. 2019 05 06  20:10:26
 711. 2019 05 06  20:10:27
 712. 2019 05 06  20:10:28
 713. 2019 05 06  20:10:29
 714. 2019 05 06  20:10:30
 715. 2019 05 06  20:10:31
 716. 2019 05 06  20:10:32
 717. 2019 05 06  20:10:33
 718. 2019 05 06  20:10:34
 719. 2019 05 06  20:10:35
 720. 2019 05 06  20:10:36
 721. 2019 05 06  20:10:37
 722. 2019 05 06  20:10:38
 723. 2019 05 06  20:10:39
 724. 2019 05 06  20:10:40
 725. 2019 05 06  20:10:41
 726. 2019 05 06  20:10:42
 727. 2019 05 06  20:10:43
 728. 2019 05 06  20:10:44
 729. 2019 05 06  20:10:45
 730. 2019 05 06  20:10:46
 731. 2019 05 06  20:10:47
 732. 2019 05 06  20:10:48
 733. 2019 05 06  20:10:49
 734. 2019 05 06  20:10:50
 735. 2019 05 06  20:10:51
 736. 2019 05 06  20:10:52
 737. 2019 05 06  20:10:53
 738. 2019 05 06  20:10:54
 739. 2019 05 06  20:10:55
 740. 2019 05 06  20:10:56
 741. 2019 05 06  20:10:57
 742. 2019 05 06  20:10:58
 743. 2019 05 06  20:10:59
 744. 2019 05 06  20:11:00
 745. 2019 05 06  20:11:01
 746. 2019 05 06  20:11:02
 747. 2019 05 06  20:11:03
 748. 2019 05 06  20:11:04
 749. 2019 05 06  20:11:05
 750. 2019 05 06  20:11:06
 751. 2019 05 06  20:11:07
 752. 2019 05 06  20:11:08
 753. 2019 05 06  20:11:09
 754. 2019 05 06  20:11:10
 755. 2019 05 06  20:11:11
 756. 2019 05 06  20:11:12
 757. 2019 05 06  20:11:13
 758. 2019 05 06  20:11:14
 759. 2019 05 06  20:11:15
 760. 2019 05 06  20:11:16
 761. 2019 05 06  20:11:17
 762. 2019 05 06  20:11:18
 763. 2019 05 06  20:11:19
 764. 2019 05 06  20:11:20
 765. 2019 05 06  20:11:21
 766. 2019 05 06  20:11:22
 767. 2019 05 06  20:11:23
 768. 2019 05 06  20:11:24
 769. 2019 05 06  20:11:25
 770. 2019 05 06  20:11:26
 771. 2019 05 06  20:11:27
 772. 2019 05 06  20:11:28
 773. 2019 05 06  20:11:29
 774. 2019 05 06  20:11:30
 775. 2019 05 06  20:11:31
 776. 2019 05 06  20:11:32
 777. 2019 05 06  20:11:33
